5.000000000000000278e-02 1.145287178151802597e-33
1.000000000000000056e-01 0.000000000000000000e+00
1.500000000000000222e-01 0.000000000000000000e+00
2.000000000000000111e-01 0.000000000000000000e+00
2.500000000000000000e-01 0.000000000000000000e+00
2.999999999999999889e-01 4.222678146188737491e-01
3.500000000000000333e-01 1.071602416823629333e+01
4.000000000000000222e-01 2.333943788227666616e+01
4.500000000000000111e-01 4.684933304371546869e-01
5.000000000000000000e-01 5.272724540962925068e-31
5.500000000000000444e-01 0.000000000000000000e+00
6.000000000000000888e-01 2.085165351948739879e-02
6.500000000000001332e-01 1.481659361310742537e-02
7.000000000000000666e-01 1.937428177502272530e-01
7.500000000000001110e-01 9.017403452570260658e-01
8.000000000000000444e-01 1.946193797848696283e+00
8.500000000000000888e-01 8.478566278002910295e-01
9.000000000000001332e-01 3.461295347579986664e-02
9.500000000000000666e-01 6.984327445983804989e-32
1.000000000000000000e+00 9.155567891722010340e-03
1.050000000000000044e+00 7.485227251419228345e-02
1.100000000000000089e+00 1.312006485445618535e-02
1.150000000000000133e+00 3.532951168367121780e-02
1.200000000000000178e+00 2.286502274830540249e-01
1.250000000000000222e+00 9.792929655784843659e-03
1.300000000000000044e+00 4.401032912648817907e-01
1.350000000000000089e+00 1.714917792565287535e-02
1.400000000000000133e+00 3.241370076033794345e-01
1.450000000000000178e+00 7.328301716767989804e-01
1.500000000000000222e+00 2.973497811630682053e-02
1.550000000000000044e+00 5.558445193842740384e-01
1.600000000000000089e+00 3.623384288304681150e-02
1.650000000000000133e+00 1.014558908902410579e-02
1.700000000000000178e+00 4.153897686562459807e-02
1.750000000000000222e+00 1.398570674779991106e-02
1.800000000000000044e+00 2.114511783238923540e-02
1.850000000000000089e+00 1.158870511616555826e-01
1.900000000000000133e+00 3.373789981837249652e-02
1.950000000000000178e+00 3.282074737352964986e-03
