5.000000000000000278e-02 1.318960029003103940e-01
1.000000000000000056e-01 7.444692401131199067e-02
1.500000000000000222e-01 4.897405299008445595e-02
2.000000000000000111e-01 3.828700219202722799e-02
2.500000000000000000e-01 3.226851928074395137e-02
2.999999999999999889e-01 3.144142808827916219e-02
3.500000000000000333e-01 2.132256728724217509e-01
4.000000000000000222e-01 1.062449050644914461e+00
4.500000000000000111e-01 5.971545729387375268e-01
5.000000000000000000e-01 2.869338339618244804e-01
5.500000000000000444e-01 1.722331248992723662e-01
6.000000000000000888e-01 8.528142427856298668e-02
6.500000000000001332e-01 8.481440102007191395e-02
7.000000000000000666e-01 6.001275547917236247e-02
7.500000000000001110e-01 9.107441124262743992e-02
8.000000000000000444e-01 9.773570352602709010e-02
8.500000000000000888e-01 5.787593877378414270e-02
9.000000000000001332e-01 8.362604561278655368e-02
9.500000000000000666e-01 7.539041825124337404e-02
1.000000000000000000e+00 6.861494159095594958e-02
1.050000000000000044e+00 6.534561674027616895e-02
1.100000000000000089e+00 6.078899033042086536e-02
1.150000000000000133e+00 5.253564687185700854e-02
1.200000000000000178e+00 6.336090218353468417e-02
1.250000000000000222e+00 4.708831020404410928e-02
1.300000000000000044e+00 6.389160567968558968e-02
1.350000000000000089e+00 4.229623566928965989e-02
1.400000000000000133e+00 5.352650967679607047e-02
1.450000000000000178e+00 4.537796004990890530e-02
1.500000000000000222e+00 4.547748760736507884e-02
1.550000000000000044e+00 4.589363464372657464e-02
1.600000000000000089e+00 3.829804311565458003e-02
1.650000000000000133e+00 4.777894785263843425e-02
1.700000000000000178e+00 3.461103089521282844e-02
1.750000000000000222e+00 4.780238861708621667e-02
1.800000000000000044e+00 3.123589830382593469e-02
1.850000000000000089e+00 4.489886859040605194e-02
1.900000000000000133e+00 3.182395936539342968e-02
1.950000000000000178e+00 3.846224731260865920e-02
