-3.746643120230078061e+00 -3.309374033740205778e+00 3.442190069255959273e+00 3.657827084714324162e+00
-3.791878114537339695e+00 -3.374913209839200956e+00 3.481526504122551824e+00 3.729264820253989754e+00
-3.831555362918971142e+00 -3.436651786118215757e+00 3.516572744587434407e+00 3.795634404449754307e+00
-3.865572795914015369e+00 -3.493909963745871927e+00 3.547550459123613553e+00 3.855932300536275115e+00
-3.893947149817147402e+00 -3.545989720662329869e+00 3.574519110651486198e+00 3.909417759827988448e+00
-3.916824289511806612e+00 -3.592161219935772198e+00 3.597463256094319384e+00 3.955522253353256801e+00
-3.934488079500845448e+00 -3.631651118797992517e+00 3.616336719100464503e+00 3.993802479198370836e+00
-3.947357952215697630e+00 -3.663642641121130250e+00 3.631085455722405264e+00 4.023915137614423543e+00
-3.955956936908003208e+00 -3.687305645578122792e+00 3.641659714581594987e+00 4.045602867904533717e+00
-3.960828285366635448e+00 -3.701878540994558264e+00 3.648020618807979343e+00 4.058686207553214409e+00
-3.962397648219270874e+00 -3.706805080864362001e+00 3.650143697178606761e+00 4.063059031905024376e+00
-3.960828285366635448e+00 -3.701878540994558264e+00 3.648020618807979343e+00 4.058686207553214409e+00
-3.955956936908003208e+00 -3.687305645578122792e+00 3.641659714581594987e+00 4.045602867904533717e+00
-3.947357952215697630e+00 -3.663642641121130250e+00 3.631085455722405264e+00 4.023915137614423543e+00
-3.934488079500845448e+00 -3.631651118797992517e+00 3.616336719100464503e+00 3.993802479198370836e+00
-3.916824289511806612e+00 -3.592161219935772198e+00 3.597463256094319384e+00 3.955522253353256801e+00
-3.893947149817147402e+00 -3.545989720662329869e+00 3.574519110651486198e+00 3.909417759827988448e+00
-3.865572795914015369e+00 -3.493909963745871927e+00 3.547550459123613553e+00 3.855932300536275115e+00
-3.831555362918971142e+00 -3.436651786118215757e+00 3.516572744587434407e+00 3.795634404449754307e+00
-3.791878114537339695e+00 -3.374913209839200956e+00 3.481526504122551824e+00 3.729264820253989754e+00
-3.746643120230078061e+00 -3.309374033740205778e+00 3.442190069255959273e+00 3.657827084714324162e+00
-3.530155897165262679e+00 -3.075780000789876567e+00 3.249354245064814961e+00 3.400581652890324325e+00
-3.544182022244538821e+00 -3.109913071740412871e+00 3.262125828196470678e+00 3.435969265788481941e+00
-3.555329030261050960e+00 -3.143184820621776066e+00 3.271223157591882202e+00 3.471290693290945306e+00
-3.563666131974606355e+00 -3.175088540631124001e+00 3.277990645524764712e+00 3.504764027080966127e+00
-3.569368325147398657e+00 -3.205059767632035150e+00 3.283179788463899573e+00 3.535248304315534718e+00
-3.572729015404513930e+00 -3.232465138327698551e+00 3.287206954517756685e+00 3.561987199214455835e+00
-3.574170838594461941e+00 -3.256592720555685272e+00 3.290308468470567682e+00 3.584455090679580014e+00
-3.574244124828608982e+00 -3.276654434010989103e+00 3.292622117486591726e+00 3.602276441353007286e+00
-3.573593047624717300e+00 -3.291820565252651321e+00 3.294229342219747725e+00 3.615184270657618271e+00
-3.572864993344903706e+00 -3.301310878746637645e+00 3.295177372689628736e+00 3.622998499401915318e+00
-3.572558940066843380e+00 -3.304546562346624139e+00 3.295490833727746871e+00 3.625614668685719799e+00
-3.572864993344903706e+00 -3.301310878746637645e+00 3.295177372689628736e+00 3.622998499401915318e+00
-3.573593047624717300e+00 -3.291820565252651321e+00 3.294229342219747725e+00 3.615184270657618271e+00
-3.574244124828608982e+00 -3.276654434010989103e+00 3.292622117486591726e+00 3.602276441353007286e+00
-3.574170838594461941e+00 -3.256592720555685272e+00 3.290308468470567682e+00 3.584455090679580014e+00
-3.572729015404513930e+00 -3.232465138327698551e+00 3.287206954517756685e+00 3.561987199214455835e+00
-3.569368325147398657e+00 -3.205059767632035150e+00 3.283179788463899573e+00 3.535248304315534718e+00
-3.563666131974606355e+00 -3.175088540631124001e+00 3.277990645524764712e+00 3.504764027080966127e+00
-3.555329030261050960e+00 -3.143184820621776066e+00 3.271223157591882202e+00 3.471290693290945306e+00
-3.544182022244538821e+00 -3.109913071740412871e+00 3.262125828196470678e+00 3.435969265788481941e+00
-3.530155897165262679e+00 -3.075780000789876567e+00 3.249354245064814961e+00 3.400581652890324325e+00
-3.345862423913942951e+00 -2.877778915363568668e+00 3.072324335161294329e+00 3.195317004116217330e+00
-3.324028270884785030e+00 -2.875426208052171084e+00 3.061421778623228729e+00 3.182032700313727869e+00
-3.301886365038340099e+00 -2.874970960334666259e+00 3.044830044732444563e+00 3.176027280640564054e+00
-3.279845520681466731e+00 -2.876300293807102726e+00 3.025295767138053815e+00 3.174850047350515236e+00
-3.258402913586669669e+00 -2.879191044731139293e+00 3.005391612174527438e+00 3.176202346143279787e+00
-3.238154943272611774e+00 -2.883294522871002297e+00 2.986828465632926477e+00 3.178621000510686745e+00
-3.219805864659726069e+00 -2.888123794488845597e+00 2.970659428267170554e+00 3.181270230881400707e+00
-3.204162890679440601e+00 -2.893054898831604493e+00 2.957546146572653356e+00 3.183671642938392665e+00
-3.192096093855332661e+00 -2.897363774366789713e+00 2.947915151822336988e+00 3.185544716399782761e+00
-3.184436149782760239e+00 -2.900325944293556280e+00 2.942036302697550010e+00 3.186725791378765216e+00
-3.181804888702219447e+00 -2.901384071389919050e+00 2.940060456998167204e+00 3.187128503093970888e+00
-3.184436149782760239e+00 -2.900325944293556280e+00 2.942036302697550010e+00 3.186725791378765216e+00
-3.192096093855332661e+00 -2.897363774366789713e+00 2.947915151822336988e+00 3.185544716399782761e+00
-3.204162890679440601e+00 -2.893054898831604493e+00 2.957546146572653356e+00 3.183671642938392665e+00
-3.219805864659726069e+00 -2.888123794488845597e+00 2.970659428267170554e+00 3.181270230881400707e+00
-3.238154943272611774e+00 -2.883294522871002297e+00 2.986828465632926477e+00 3.178621000510686745e+00
-3.258402913586669669e+00 -2.879191044731139293e+00 3.005391612174527438e+00 3.176202346143279787e+00
-3.279845520681466731e+00 -2.876300293807102726e+00 3.025295767138053815e+00 3.174850047350515236e+00
-3.301886365038340099e+00 -2.874970960334666259e+00 3.044830044732444563e+00 3.176027280640564054e+00
-3.324028270884785030e+00 -2.875426208052171084e+00 3.061421778623228729e+00 3.182032700313727869e+00
-3.345862423913942951e+00 -2.877778915363568668e+00 3.072324335161294329e+00 3.195317004116217330e+00
-3.201076737214485490e+00 -2.723001009393564154e+00 2.906894138087765977e+00 3.061183608520284594e+00
-3.139037091105400190e+00 -2.679613181756393292e+00 2.869905248619720961e+00 2.992745024242072116e+00
-3.078730437981261669e+00 -2.640164297041050823e+00 2.830832826504833033e+00 2.932061908517479498e+00
-3.021118718853728957e+00 -2.605213278550308154e+00 2.788509437603839736e+00 2.881822559800197858e+00
-2.967262875811474299e+00 -2.575188257756858778e+00 2.743821465147956218e+00 2.842629668420377342e+00
-2.918322465252687348e+00 -2.550349139441873803e+00 2.700173805569639818e+00 2.812497799124920927e+00
-2.875549399204921475e+00 -2.530751720755721745e+00 2.661052699914320474e+00 2.789248420046322341e+00
-2.840264016450584350e+00 -2.516227225270599721e+00 2.628817906233278823e+00 2.771673335487904399e+00
-2.813790802706110039e+00 -2.506402842876067627e+00 2.604926784357679992e+00 2.759266861224496825e+00
-2.797325659682976973e+00 -2.500794897812831152e+00 2.590267423945507019e+00 2.751853133550299368e+00
-2.791731124436161338e+00 -2.498981936830551476e+00 2.585328593661719410e+00 2.749384467604992555e+00
-2.797325659682976973e+00 -2.500794897812831152e+00 2.590267423945507019e+00 2.751853133550299368e+00
-2.813790802706110039e+00 -2.506402842876067627e+00 2.604926784357679992e+00 2.759266861224496825e+00
-2.840264016450584350e+00 -2.516227225270599721e+00 2.628817906233278823e+00 2.771673335487904399e+00
-2.875549399204921475e+00 -2.530751720755721745e+00 2.661052699914320474e+00 2.789248420046322341e+00
-2.918322465252687348e+00 -2.550349139441873803e+00 2.700173805569639818e+00 2.812497799124920927e+00
-2.967262875811474299e+00 -2.575188257756858778e+00 2.743821465147956218e+00 2.842629668420377342e+00
-3.021118718853728957e+00 -2.605213278550308154e+00 2.788509437603839736e+00 2.881822559800197858e+00
-3.078730437981261669e+00 -2.640164297041050823e+00 2.830832826504833033e+00 2.932061908517479498e+00
-3.139037091105400190e+00 -2.679613181756393292e+00 2.869905248619720961e+00 2.992745024242072116e+00
-3.201076737214485490e+00 -2.723001009393564154e+00 2.906894138087765977e+00 3.061183608520284594e+00
-3.102561017927982334e+00 -2.617826983347466552e+00 2.772079738640839786e+00 2.992308262634609584e+00
-2.997055704484375749e+00 -2.530370692431491708e+00 2.696425820826024111e+00 2.875000576089843829e+00
-2.894273962216624696e+00 -2.447555461277668432e+00 2.623128656959333949e+00 2.762700766534958330e+00
-2.795895909002712898e+00 -2.370812285130273533e+00 2.553014128742631339e+00 2.657694065390355576e+00
-2.703801443285767547e+00 -2.301541324028192115e+00 2.486489262359429020e+00 2.562853504954530681e+00
-2.620059754133812202e+00 -2.241043938164676064e+00 2.423141976793186991e+00 2.481961715505303090e+00
-2.546896137221093870e+00 -2.190437047168632301e+00 2.362872579494158742e+00 2.418460604895567467e+00
-2.486619618348222094e+00 -2.150564771631819028e+00 2.309286820248679817e+00 2.371897569731361344e+00
-2.441486161386371645e+00 -2.121940570238999513e+00 2.267727717658613251e+00 2.339699013966759278e+00
-2.413471920545736449e+00 -2.104765943738625023e+00 2.241671413965257820e+00 2.320566450319102358e+00
-2.403965475651106853e+00 -2.099048876367406002e+00 2.232815903222168608e+00 2.314198448796345176e+00
-2.413471920545736449e+00 -2.104765943738625023e+00 2.241671413965257820e+00 2.320566450319102358e+00
-2.441486161386371645e+00 -2.121940570238999513e+00 2.267727717658613251e+00 2.339699013966759278e+00
-2.486619618348222094e+00 -2.150564771631819028e+00 2.309286820248679817e+00 2.371897569731361344e+00
-2.546896137221093870e+00 -2.190437047168632301e+00 2.362872579494158742e+00 2.418460604895567467e+00
-2.620059754133812202e+00 -2.241043938164676064e+00 2.423141976793186991e+00 2.481961715505303090e+00
-2.703801443285767547e+00 -2.301541324028192115e+00 2.486489262359429020e+00 2.562853504954530681e+00
-2.795895909002712898e+00 -2.370812285130273533e+00 2.553014128742631339e+00 2.657694065390355576e+00
-2.894273962216624696e+00 -2.447555461277668432e+00 2.623128656959333949e+00 2.762700766534958330e+00
-2.997055704484375749e+00 -2.530370692431491708e+00 2.696425820826024111e+00 2.875000576089843829e+00
-3.102561017927982334e+00 -2.617826983347466552e+00 2.772079738640839786e+00 2.992308262634609584e+00
-3.055426873935924714e+00 -2.565965922352226425e+00 2.684762864507220126e+00 2.980629931780931052e+00
-2.905176031538072579e+00 -2.433917503550134587e+00 2.565210401302036036e+00 2.817883133786171168e+00
-2.757178630138389597e+00 -2.305471789191101628e+00 2.448020237451319581e+00 2.658630181878171239e+00
-2.613789078706377111e+00 -2.182840614710312543e+00 2.335166626258390998e+00 2.505463067158298252e+00
-2.477795124489227341e+00 -2.068482027574196191e+00 2.228918503009718499e+00 2.361358649053706404e+00
-2.352453770074601991e+00 -1.965067924021079104e+00 2.131837198527242627e+00 2.229684495568437175e+00
-2.241477089230073272e+00 -1.875392828338145579e+00 2.046729465504861345e+00 2.114140452063357323e+00
-2.148918527855661953e+00 -1.802205936381603646e+00 1.976535748853302632e+00 2.018588715383962562e+00
-2.078896718709995373e+00 -1.747974002573472907e+00 1.924157661143609976e+00 1.946713060139857010e+00
-2.035111370118020790e+00 -1.714628142587290016e+00 1.892321554254614790e+00 1.901417958450695833e+00
-2.020195523085825062e+00 -1.703377101057448328e+00 1.883445099747063090e+00 1.884127524396209230e+00
-2.035111370118020790e+00 -1.714628142587290016e+00 1.892321554254614790e+00 1.901417958450695833e+00
-2.078896718709995373e+00 -1.747974002573472907e+00 1.924157661143609976e+00 1.946713060139857010e+00
-2.148918527855661953e+00 -1.802205936381603646e+00 1.976535748853302632e+00 2.018588715383962562e+00
-2.241477089230073272e+00 -1.875392828338145579e+00 2.046729465504861345e+00 2.114140452063357323e+00
-2.352453770074601991e+00 -1.965067924021079104e+00 2.131837198527242627e+00 2.229684495568437175e+00
-2.477795124489227341e+00 -2.068482027574196191e+00 2.228918503009718499e+00 2.361358649053706404e+00
-2.613789078706377111e+00 -2.182840614710312543e+00 2.335166626258390998e+00 2.505463067158298252e+00
-2.757178630138389597e+00 -2.305471789191101628e+00 2.448020237451319581e+00 2.658630181878171239e+00
-2.905176031538072579e+00 -2.433917503550134587e+00 2.565210401302036036e+00 2.817883133786171168e+00
-3.055426873935924714e+00 -2.565965922352226425e+00 2.684762864507220126e+00 2.980629931780931052e+00
-3.062003539284695375e+00 -2.567320025528386118e+00 2.650930194614725899e+00 3.022393370198356077e+00
-2.868371237556386788e+00 -2.393138563749053649e+00 2.488096733791035131e+00 2.817413067514404901e+00
-2.675052682595822962e+00 -2.219959857786314217e+00 2.325506323322500180e+00 2.613506217059637038e+00
-2.484717678907434113e+00 -2.050298833581546631e+00 2.165470691835889916e+00 2.413545820653091312e+00
-2.300750647061046816e+00 -1.887247244981935745e+00 2.010892429495199529e+00 2.221105462547783294e+00
-2.127457202439580364e+00 -1.734630553852273938e+00 1.865428181679397834e+00 2.040659574612456950e+00
-1.970263139374854644e+00 -1.597144185236753389e+00 1.733639198858031971e+00 1.877768125753576545e+00
-1.835790121888782434e+00 -1.480369590885739495e+00 1.621037022076011969e+00 1.739122690698509777e+00
-1.731575522127491329e+00 -1.390490860381823568e+00 1.533849284140439639e+00 1.632217098368875074e+00
-1.665130499408946418e+00 -1.333509032426985152e+00 1.478276455898015485e+00 1.564363075937917014e+00
-1.642245411481904283e+00 -1.313947187151330409e+00 1.459133913687785666e+00 1.541058684945449064e+00
-1.665130499408946418e+00 -1.333509032426985152e+00 1.478276455898015485e+00 1.564363075937917014e+00
-1.731575522127491329e+00 -1.390490860381823568e+00 1.533849284140439639e+00 1.632217098368875074e+00
-1.835790121888782434e+00 -1.480369590885739495e+00 1.621037022076011969e+00 1.739122690698509777e+00
-1.970263139374854644e+00 -1.597144185236753389e+00 1.733639198858031971e+00 1.877768125753576545e+00
-2.127457202439580364e+00 -1.734630553852273938e+00 1.865428181679397834e+00 2.040659574612456950e+00
-2.300750647061046816e+00 -1.887247244981935745e+00 2.010892429495199529e+00 2.221105462547783294e+00
-2.484717678907434113e+00 -2.050298833581546631e+00 2.165470691835889916e+00 2.413545820653091312e+00
-2.675052682595822962e+00 -2.219959857786314217e+00 2.325506323322500180e+00 2.613506217059637038e+00
-2.868371237556386788e+00 -2.393138563749053649e+00 2.488096733791035131e+00 2.817413067514404901e+00
-3.062003539284695375e+00 -2.567320025528386118e+00 2.650930194614725899e+00 3.022393370198356077e+00
-3.121121789690958437e+00 -2.617806644857770149e+00 2.670005675739917095e+00 3.112922758808811086e+00
-2.888161468201692283e+00 -2.406488161454093611e+00 2.468047986912214942e+00 2.870601642743570991e+00
-2.652652336649568898e+00 -2.192815594983102301e+00 2.263198335847736331e+00 2.626269595784934463e+00
-2.417038488387399209e+00 -1.978987359423901582e+00 2.057509658346373449e+00 2.382516189464927603e+00
-2.184578708730990915e+00 -1.767883288105547068e+00 1.853746058885802794e+00 2.142715937950736116e+00
-1.959766425298070880e+00 -1.563448865287783374e+00 1.655781700698246706e+00 1.911433589887606699e+00
-1.748963930047131354e+00 -1.371299465224826264e+00 1.469220247742399010e+00 1.695043147529557981e+00
-1.561248295039918244e+00 -1.199572223066143639e+00 1.302238527249475197e+00 1.502581990856586724e+00
-1.409144186290726353e+00 -1.059759179694192532e+00 1.166324583712513352e+00 1.346578782272406016e+00
-1.308053419847968302e+00 -9.663725557114106746e-01 1.075719966215094248e+00 1.242706009344284768e+00
-1.272312345625666197e+00 -9.332436880413725877e-01 1.043644988846854416e+00 1.205911044820183742e+00
-1.308053419847968302e+00 -9.663725557114106746e-01 1.075719966215094248e+00 1.242706009344284768e+00
-1.409144186290726353e+00 -1.059759179694192532e+00 1.166324583712513352e+00 1.346578782272406016e+00
-1.561248295039918244e+00 -1.199572223066143639e+00 1.302238527249475197e+00 1.502581990856586724e+00
-1.748963930047131354e+00 -1.371299465224826264e+00 1.469220247742399010e+00 1.695043147529557981e+00
-1.959766425298070880e+00 -1.563448865287783374e+00 1.655781700698246706e+00 1.911433589887606699e+00
-2.184578708730990915e+00 -1.767883288105547068e+00 1.853746058885802794e+00 2.142715937950736116e+00
-2.417038488387399209e+00 -1.978987359423901582e+00 2.057509658346373449e+00 2.382516189464927603e+00
-2.652652336649568898e+00 -2.192815594983102301e+00 2.263198335847736331e+00 2.626269595784934463e+00
-2.888161468201692283e+00 -2.406488161454093611e+00 2.468047986912214942e+00 2.870601642743570991e+00
-3.121121789690958437e+00 -2.617806644857770149e+00 2.670005675739917095e+00 3.112922758808811086e+00
-3.228165064437238829e+00 -2.710335302517077771e+00 2.737037080351185647e+00 3.245463286603130992e+00
-2.961922514928205352e+00 -2.468224155318621715e+00 2.502219181587983066e+00 2.971927488658844041e+00
-2.690247442841299907e+00 -2.220640959172083040e+00 2.261415598866202803e+00 2.693472803147180628e+00
-2.414989147040781159e+00 -1.969131562937455726e+00 2.016041959481038592e+00 2.412078750497197888e+00
-2.138598475635347995e+00 -1.715703372608466948e+00 1.768017701435116162e+00 2.130284146808698598e+00
-1.864550153927696297e+00 -1.463199102179289168e+00 1.520177401856878774e+00 1.851571854250106730e+00
-1.598174470047230900e+00 -1.216070277902060015e+00 1.277107295845643309e+00 1.581137452103647423e+00
-1.348353265866668815e+00 -9.820360981598315053e-01 1.046876769428295217e+00 1.327512594598204920e+00
-1.130875833029313826e+00 -7.755722794031815193e-01 8.444608214061758433e-01 1.105987291026319985e+00
-9.734084441136152677e-01 -6.236406454377499964e-01 6.967219451990126489e-01 9.443271443523525432e-01
-9.138834292559665506e-01 -5.654480121469382947e-01 6.406451458474298200e-01 8.826862955554750645e-01
-9.734084441136152677e-01 -6.236406454377499964e-01 6.967219451990126489e-01 9.443271443523525432e-01
-1.130875833029313826e+00 -7.755722794031815193e-01 8.444608214061758433e-01 1.105987291026319985e+00
-1.348353265866668815e+00 -9.820360981598315053e-01 1.046876769428295217e+00 1.327512594598204920e+00
-1.598174470047230900e+00 -1.216070277902060015e+00 1.277107295845643309e+00 1.581137452103647423e+00
-1.864550153927696297e+00 -1.463199102179289168e+00 1.520177401856878774e+00 1.851571854250106730e+00
-2.138598475635347995e+00 -1.715703372608466948e+00 1.768017701435116162e+00 2.130284146808698598e+00
-2.414989147040781159e+00 -1.969131562937455726e+00 2.016041959481038592e+00 2.412078750497197888e+00
-2.690247442841299907e+00 -2.220640959172083040e+00 2.261415598866202803e+00 2.693472803147180628e+00
-2.961922514928205352e+00 -2.468224155318621715e+00 2.502219181587983066e+00 2.971927488658844041e+00
-3.228165064437238829e+00 -2.710335302517077771e+00 2.737037080351185647e+00 3.245463286603130992e+00
-3.375888680661553121e+00 -2.836405531482300013e+00 2.844409180861137809e+00 3.411885031282714920e+00
-3.083247214088419064e+00 -2.569919825213637044e+00 2.583679977766462965e+00 3.113487061535592737e+00
-2.783069955513094218e+00 -2.295742473949837770e+00 2.314730180056523867e+00 2.808082249406408160e+00
-2.476664710711777850e+00 -2.014873023295024268e+00 2.038409123487553209e+00 2.497128610519248504e+00
-2.165603361903235324e+00 -1.728465556028528027e+00 1.755738020363539098e+00 2.182330897568224071e+00
-1.851909610746582224e+00 -1.437985813013143099e+00 1.468088333690235059e+00 1.865807090069490304e+00
-1.538487526691145080e+00 -1.145598702925644252e+00 1.177612302781236409e+00 1.550473926835552740e+00
-1.230253935531170795e+00 -8.552356817588419036e-01 8.883964745332183499e-01 1.241093142756794387e+00
-9.377181108062411230e-01 -5.760423811101779146e-01 6.100786612436809309e-01 9.476818306727382568e-01
-6.904401519671269361e-01 -3.356904394546576520e-01 3.713262968173128287e-01 6.988042946044716874e-01
-5.772992944731740739e-01 -2.232509084483968176e-01 2.606508481372167840e-01 5.838993547843542853e-01
-6.904401519671269361e-01 -3.356904394546576520e-01 3.713262968173128287e-01 6.988042946044716874e-01
-9.377181108062411230e-01 -5.760423811101779146e-01 6.100786612436809309e-01 9.476818306727382568e-01
-1.230253935531170795e+00 -8.552356817588419036e-01 8.883964745332183499e-01 1.241093142756794387e+00
-1.538487526691145080e+00 -1.145598702925644252e+00 1.177612302781236409e+00 1.550473926835552740e+00
-1.851909610746582224e+00 -1.437985813013143099e+00 1.468088333690235059e+00 1.865807090069490304e+00
-2.165603361903235324e+00 -1.728465556028528027e+00 1.755738020363539098e+00 2.182330897568224071e+00
-2.476664710711777850e+00 -2.014873023295024268e+00 2.038409123487553209e+00 2.497128610519248504e+00
-2.783069955513094218e+00 -2.295742473949837770e+00 2.314730180056523867e+00 2.808082249406408160e+00
-3.083247214088419064e+00 -2.569919825213637044e+00 2.583679977766462965e+00 3.113487061535592737e+00
-3.375888680661553121e+00 -2.836405531482300013e+00 2.844409180861137809e+00 3.411885031282714920e+00
-3.555657518606776257e+00 -2.987527112193987477e+00 2.983443806125235742e+00 3.603740824675528920e+00
-3.243224091274136356e+00 -2.702335081328208766e+00 2.703312385335327583e+00 3.286246787267017577e+00
-2.922292659693198402e+00 -2.408297182676205850e+00 2.413900450301323275e+00 2.960689392068080572e+00
-2.594007517734177259e+00 -2.106221284514438796e+00 2.115879981334061188e+00 2.628348820914554906e+00
-2.259620629758809951e+00 -1.796938030401937114e+00 1.809947758037422361e+00 2.290610902123324522e+00
-1.920531994710937385e+00 -1.481337369411884985e+00 1.496861437707967868e+00 1.949007926414854763e+00
-1.578380203237086610e+00 -1.160475804119392773e+00 1.177538192758046165e+00 1.605317814598433257e+00
-1.235300750552621674e+00 -8.359088617132525156e-01 8.533425389043943765e-01 1.261867073361480074e+00
-8.949248656744110964e-01 -5.109577205415825052e-01 5.271440965992517658e-01 9.227384896167418749e-01
-5.685496553486031335e-01 -1.981052391072622987e-01 2.095717518344654418e-01 6.010831426213998352e-01
-3.590156904222619461e-01 -2.851137835015158154e-04 2.890970206748765111e-04 4.030117071850884969e-01
-5.685496553486031335e-01 -1.981052391072622987e-01 2.095717518344654418e-01 6.010831426213998352e-01
-8.949248656744110964e-01 -5.109577205415825052e-01 5.271440965992517658e-01 9.227384896167418749e-01
-1.235300750552621674e+00 -8.359088617132525156e-01 8.533425389043943765e-01 1.261867073361480074e+00
-1.578380203237086610e+00 -1.160475804119392773e+00 1.177538192758046165e+00 1.605317814598433257e+00
-1.920531994710937385e+00 -1.481337369411884985e+00 1.496861437707967868e+00 1.949007926414854763e+00
-2.259620629758809951e+00 -1.796938030401937114e+00 1.809947758037422361e+00 2.290610902123324522e+00
-2.594007517734177259e+00 -2.106221284514438796e+00 2.115879981334061188e+00 2.628348820914554906e+00
-2.922292659693198402e+00 -2.408297182676205850e+00 2.413900450301323275e+00 2.960689392068080572e+00
-3.243224091274136356e+00 -2.702335081328208766e+00 2.703312385335327583e+00 3.286246787267017577e+00
-3.555657518606776257e+00 -2.987527112193987477e+00 2.983443806125235742e+00 3.603740824675528920e+00
-3.758637553513831442e+00 -3.156036912233457503e+00 3.145600513408764343e+00 3.813073952338524641e+00
-3.432035311182838111e+00 -2.856758330781575594e+00 2.851529968009800964e+00 3.481263673954612781e+00
-3.097031442597670381e+00 -2.548393707211223713e+00 2.548183204844697958e+00 3.141241944964196620e+00
-2.755022948060422028e+00 -2.231915046026753391e+00 2.236472302199434825e+00 2.794465691887740633e+00
-2.407627871236820205e+00 -1.908413230849587361e+00 1.917455094241520053e+00 2.442586007844887330e+00
-2.056830107868276247e+00 -1.579225014250587256e+00 1.592478797915406696e+00 2.087576324203456402e+00
-1.705320132772722985e+00 -1.246250862660682301e+00 1.263530263156912081e+00 1.732040732276493467e+00
-1.357439430417302750e+00 -9.128508269029014244e-01 9.342044468724641781e-01 1.380085810447740036e+00
-1.022404128259256639e+00 -5.869118105075807890e-01 6.129558072598549900e-01 1.040360131506982588e+00
-7.284968750757239153e-01 -2.946695478094623066e-01 3.272259940312476356e-01 7.399404288539382923e-01
-5.842490278113012803e-01 -1.464491439984417220e-01 1.849423005914234419e-01 5.897558712183196272e-01
-7.284968750757239153e-01 -2.946695478094623066e-01 3.272259940312476356e-01 7.399404288539382923e-01
-1.022404128259256639e+00 -5.869118105075807890e-01 6.129558072598549900e-01 1.040360131506982588e+00
-1.357439430417302750e+00 -9.128508269029014244e-01 9.342044468724641781e-01 1.380085810447740036e+00
-1.705320132772722985e+00 -1.246250862660682301e+00 1.263530263156912081e+00 1.732040732276493467e+00
-2.056830107868276247e+00 -1.579225014250587256e+00 1.592478797915406696e+00 2.087576324203456402e+00
-2.407627871236820205e+00 -1.908413230849587361e+00 1.917455094241520053e+00 2.442586007844887330e+00
-2.755022948060422028e+00 -2.231915046026753391e+00 2.236472302199434825e+00 2.794465691887740633e+00
-3.097031442597670381e+00 -2.548393707211223713e+00 2.548183204844697958e+00 3.141241944964196620e+00
-3.432035311182838111e+00 -2.856758330781575594e+00 2.851529968009800964e+00 3.481263673954612781e+00
-3.758637553513831442e+00 -3.156036912233457503e+00 3.145600513408764343e+00 3.813073952338524641e+00
-3.976625635676121373e+00 -3.335370549858706291e+00 3.323157158055646043e+00 4.032839027479181659e+00
-3.640253201398946370e+00 -3.025602444893254805e+00 3.019410186668942675e+00 3.690445459623258095e+00
-3.296325536897486863e+00 -2.707164315806742216e+00 2.707150567300855126e+00 3.340339285403373992e+00
-2.946757291838383530e+00 -2.381431510829441489e+00 2.387801889421241164e+00 2.984386913246583894e+00
-2.593948070616371115e+00 -2.050133597551813125e+00 2.063208235894759657e+00 2.624873432273425067e+00
-2.241141975960204924e+00 -1.715679887775317880e+00 1.735998943906751135e+00 2.264822919828772374e+00
-1.893214779900353584e+00 -1.381896956985214198e+00 1.410395208124917366e+00 1.908716528760650677e+00
-1.558569242188607706e+00 -1.055859923151063251e+00 1.094148567062845245e+00 1.564280598276825751e+00
-1.254077387959005918e+00 -7.529089302037829112e-01 8.035604429635677670e-01 1.247425875199220657e+00
-1.017454853196404718e+00 -5.105446023488440233e-01 5.759152000532757887e-01 9.960842554919731029e-01
-9.212297347079543286e-01 -4.090231845358211493e-01 4.830009746726178221e-01 8.912519445711575283e-01
-1.017454853196404718e+00 -5.105446023488440233e-01 5.759152000532757887e-01 9.960842554919731029e-01
-1.254077387959005918e+00 -7.529089302037829112e-01 8.035604429635677670e-01 1.247425875199220657e+00
-1.558569242188607706e+00 -1.055859923151063251e+00 1.094148567062845245e+00 1.564280598276825751e+00
-1.893214779900353584e+00 -1.381896956985214198e+00 1.410395208124917366e+00 1.908716528760650677e+00
-2.241141975960204924e+00 -1.715679887775317880e+00 1.735998943906751135e+00 2.264822919828772374e+00
-2.593948070616371115e+00 -2.050133597551813125e+00 2.063208235894759657e+00 2.624873432273425067e+00
-2.946757291838383530e+00 -2.381431510829441489e+00 2.387801889421241164e+00 2.984386913246583894e+00
-3.296325536897486863e+00 -2.707164315806742216e+00 2.707150567300855126e+00 3.340339285403373992e+00
-3.640253201398946370e+00 -3.025602444893254805e+00 3.019410186668942675e+00 3.690445459623258095e+00
-3.976625635676121373e+00 -3.335370549858706291e+00 3.323157158055646043e+00 4.032839027479181659e+00
-4.202453851884224711e+00 -3.520033247437412083e+00 3.509467382703475469e+00 4.257019716618161809e+00
-3.859561429349104511e+00 -3.202503884915957943e+00 3.199213548758060632e+00 3.906851765507001417e+00
-3.510381153601666693e+00 -2.877130000360214712e+00 2.881654374755906911e+00 3.549856779205973645e+00
-3.157436833700002499e+00 -2.545802137567596102e+00 2.558829926217817352e+00 3.188409045049781287e+00
-2.804011855154138644e+00 -2.211034425966097228e+00 2.233493191148300916e+00 2.825553089971935439e+00
-2.454676152225028662e+00 -1.876472496018126712e+00 1.909653053347903473e+00 2.465495594895251941e+00
-2.116327076008344577e+00 -1.547937906826659216e+00 1.593650224341871535e+00 2.114614758493132740e+00
-1.800307603956534663e+00 -1.235664369494716697e+00 1.296334208449928083e+00 1.783637765001322872e+00
-1.526541338744481058e+00 -9.590372289550493923e-01 1.037239112737400326e+00 1.492339454962130274e+00
-1.329420685354169018e+00 -7.545577997770074319e-01 8.502087866785638104e-01 1.277769698452612346e+00
-1.255242520110234405e+00 -6.759641006145371556e-01 7.799033748449540893e-01 1.195303245879817400e+00
-1.329420685354169018e+00 -7.545577997770074319e-01 8.502087866785638104e-01 1.277769698452612346e+00
-1.526541338744481058e+00 -9.590372289550493923e-01 1.037239112737400326e+00 1.492339454962130274e+00
-1.800307603956534663e+00 -1.235664369494716697e+00 1.296334208449928083e+00 1.783637765001322872e+00
-2.116327076008344577e+00 -1.547937906826659216e+00 1.593650224341871535e+00 2.114614758493132740e+00
-2.454676152225028662e+00 -1.876472496018126712e+00 1.909653053347903473e+00 2.465495594895251941e+00
-2.804011855154138644e+00 -2.211034425966097228e+00 2.233493191148300916e+00 2.825553089971935439e+00
-3.157436833700002499e+00 -2.545802137567596102e+00 2.558829926217817352e+00 3.188409045049781287e+00
-3.510381153601666693e+00 -2.877130000360214712e+00 2.881654374755906911e+00 3.549856779205973645e+00
-3.859561429349104511e+00 -3.202503884915957943e+00 3.199213548758060632e+00 3.906851765507001417e+00
-4.202453851884224711e+00 -3.520033247437412083e+00 3.509467382703475469e+00 4.257019716618161809e+00
-4.430075708246930866e+00 -3.705460930056157398e+00 3.698962351495019618e+00 4.480574286808069573e+00
-4.082976797028712745e+00 -3.382207663113154794e+00 3.384483883768799828e+00 4.124700576373067307e+00
-3.731025844407652503e+00 -3.052150879696586827e+00 3.064105784187388437e+00 3.763070939916851376e+00
-3.377332067794464709e+00 -2.717713954131099285e+00 2.740474296425493339e+00 3.398571725500070695e+00
-3.025977776683159703e+00 -2.382180772982081418e+00 2.417183571630525662e+00 3.034974978034715498e+00
-2.682619230138219457e+00 -2.050314251470070293e+00 2.099401214237187396e+00 2.677532267371101948e+00
-2.355551207685541826e+00 -1.729507589464333250e+00 1.794972146236470056e+00 2.334086650913405503e+00
-2.057534496076779185e+00 -1.431899385079097753e+00 1.516279504328231553e+00 2.017154376827645201e+00
-1.808458778869802996e+00 -1.177831940828597990e+00 1.282818591301213784e+00 1.747472128397187241e+00
-1.637062580966541114e+00 -9.990936485441942461e-01 1.122394280738769901e+00 1.557761948771965166e+00
-1.574914651574035984e+00 -9.332626293203736267e-01 1.064423168336235515e+00 1.487754112558174135e+00
-1.637062580966541114e+00 -9.990936485441942461e-01 1.122394280738769901e+00 1.557761948771965166e+00
-1.808458778869802996e+00 -1.177831940828597990e+00 1.282818591301213784e+00 1.747472128397187241e+00
-2.057534496076779185e+00 -1.431899385079097753e+00 1.516279504328231553e+00 2.017154376827645201e+00
-2.355551207685541826e+00 -1.729507589464333250e+00 1.794972146236470056e+00 2.334086650913405503e+00
-2.682619230138219457e+00 -2.050314251470070293e+00 2.099401214237187396e+00 2.677532267371101948e+00
-3.025977776683159703e+00 -2.382180772982081418e+00 2.417183571630525662e+00 3.034974978034715498e+00
-3.377332067794464709e+00 -2.717713954131099285e+00 2.740474296425493339e+00 3.398571725500070695e+00
-3.731025844407652503e+00 -3.052150879696586827e+00 3.064105784187388437e+00 3.763070939916851376e+00
-4.082976797028712745e+00 -3.382207663113154794e+00 3.384483883768799828e+00 4.124700576373067307e+00
-4.430075708246930866e+00 -3.705460930056157398e+00 3.698962351495019618e+00 4.480574286808069573e+00
-4.654479570228901686e+00 -3.887864526332203141e+00 3.887034385835521189e+00 4.699309710725582789e+00
-4.304780141979962060e+00 -3.560394807199224410e+00 3.569937600298340730e+00 4.339237348880846667e+00
-3.951670869211144854e+00 -3.227241537813920758e+00 3.248382062727300124e+00 3.974530344297765527e+00
-3.598768761774480573e+00 -2.891323413667400200e+00 2.925551269987593628e+00 3.608540905454287184e+00
-3.250801955534799337e+00 -2.556598667378825684e+00 2.605734704204405006e+00 3.245665918709219611e+00
-2.914210295700740527e+00 -2.228722544449747822e+00 2.294955467316718067e+00 2.891977372833770321e+00
-2.598101386669005919e+00 -1.916156874487282114e+00 2.001954472892173875e+00 2.556303788264114640e+00
-2.315636634930580140e+00 -1.631923083209974701e+00 1.739557712603824635e+00 2.252002005536731577e+00
-2.085482934217099960e+00 -1.395787532612144943e+00 1.525912493868574416e+00 1.999357972960670304e+00
-1.931499253815937012e+00 -1.234835068556898729e+00 1.383572567653570617e+00 1.826761754719265385e+00
-1.876791367977252101e+00 -1.176951807327890398e+00 1.333244269241924407e+00 1.764498906063218353e+00
-1.931499253815937012e+00 -1.234835068556898729e+00 1.383572567653570617e+00 1.826761754719265385e+00
-2.085482934217099960e+00 -1.395787532612144943e+00 1.525912493868574416e+00 1.999357972960670304e+00
-2.315636634930580140e+00 -1.631923083209974701e+00 1.739557712603824635e+00 2.252002005536731577e+00
-2.598101386669005919e+00 -1.916156874487282114e+00 2.001954472892173875e+00 2.556303788264114640e+00
-2.914210295700740527e+00 -2.228722544449747822e+00 2.294955467316718067e+00 2.891977372833770321e+00
-3.250801955534799337e+00 -2.556598667378825684e+00 2.605734704204405006e+00 3.245665918709219611e+00
-3.598768761774480573e+00 -2.891323413667400200e+00 2.925551269987593628e+00 3.608540905454287184e+00
-3.951670869211144854e+00 -3.227241537813920758e+00 3.248382062727300124e+00 3.974530344297765527e+00
-4.304780141979962060e+00 -3.560394807199224410e+00 3.569937600298340730e+00 4.339237348880846667e+00
-4.654479570228901686e+00 -3.887864526332203141e+00 3.887034385835521189e+00 4.699309710725582789e+00
-4.871537803715884074e+00 -4.064090455220967790e+00 4.069886037185267647e+00 4.909742221751583813e+00
-4.520331566539043777e+00 -3.733514217196299612e+00 3.751280412315482593e+00 4.546565371419860391e+00
-4.167072929961532779e+00 -3.398364826857273702e+00 3.429595007515409577e+00 4.179842749303396943e+00
-3.815794722150345208e+00 -3.061993707700951806e+00 3.108461902607475125e+00 3.813326527243821928e+00
-3.471715381595464667e+00 -2.728912721500836192e+00 2.792709220415943605e+00 3.451918882680356848e+00
-3.141797259754490312e+00 -2.405440464112070131e+00 2.488942659170340743e+00 3.102295064696219296e+00
-2.835547483109221556e+00 -2.100694971776253084e+00 2.206353652223434825e+00 2.773888802662039854e+00
-2.565992911181310010e+00 -1.827944295050422774e+00 1.957619243735767789e+00 2.480317962495964146e+00
-2.350314105924082853e+00 -1.605827386263223522e+00 1.759234523936550332e+00 2.240906968250755860e+00
-2.208646321821597258e+00 -1.457587510138187659e+00 1.629737991199683211e+00 2.080495840760102411e+00
-2.158932839917806934e+00 -1.405050229013675489e+00 1.584557251852432236e+00 2.023425817079049338e+00
-2.208646321821597258e+00 -1.457587510138187659e+00 1.629737991199683211e+00 2.080495840760102411e+00
-2.350314105924082853e+00 -1.605827386263223522e+00 1.759234523936550332e+00 2.240906968250755860e+00
-2.565992911181310010e+00 -1.827944295050422774e+00 1.957619243735767789e+00 2.480317962495964146e+00
-2.835547483109221556e+00 -2.100694971776253084e+00 2.206353652223434825e+00 2.773888802662039854e+00
-3.141797259754490312e+00 -2.405440464112070131e+00 2.488942659170340743e+00 3.102295064696219296e+00
-3.471715381595464667e+00 -2.728912721500836192e+00 2.792709220415943605e+00 3.451918882680356848e+00
-3.815794722150345208e+00 -3.061993707700951806e+00 3.108461902607475125e+00 3.813326527243821928e+00
-4.167072929961532779e+00 -3.398364826857273702e+00 3.429595007515409577e+00 4.179842749303396943e+00
-4.520331566539043777e+00 -3.733514217196299612e+00 3.751280412315482593e+00 4.546565371419860391e+00
-4.871537803715884074e+00 -4.064090455220967790e+00 4.069886037185267647e+00 4.909742221751583813e+00
-5.077851060143270701e+00 -4.231505181533737669e+00 4.244385401196438146e+00 5.108970840480570708e+00
-4.725868973101372106e+00 -3.898638245680731806e+00 3.925022164155433924e+00 4.743485054626670028e+00
-4.373062701035956401e+00 -3.562245735588994489e+00 3.603844503410484457e+00 4.375463933214466472e+00
-4.023794147767227436e+00 -3.226042799104221093e+00 3.284845656220266807e+00 4.008991290651182204e+00
-3.683640041571307311e+00 -2.894978289259515503e+00 2.973254493089217299e+00 3.649363837741605554e+00
-3.359890507289817752e+00 -2.575841930746527453e+00 2.676049441642410542e+00 3.303682996393934701e+00
-3.062194673994018679e+00 -2.278116645662344730e+00 2.402587372354680451e+00 2.981723947301682109e+00
-2.803207749271792615e+00 -2.014973466567678617e+00 2.165127176423968791e+00 2.697054039415502036e+00
-2.598711288857163737e+00 -1.803830659043635043e+00 1.978600430291468149e+00 2.467941517609331115e+00
-2.466072276793572549e+00 -1.664959813935735111e+00 1.858560278379199682e+00 2.316471812350108017e+00
-2.419901167668490505e+00 -1.616213395258276675e+00 1.817045834168181662e+00 2.263068728758586001e+00
-2.466072276793572549e+00 -1.664959813935735111e+00 1.858560278379199682e+00 2.316471812350108017e+00
-2.598711288857163737e+00 -1.803830659043635043e+00 1.978600430291468149e+00 2.467941517609331115e+00
-2.803207749271792615e+00 -2.014973466567678617e+00 2.165127176423968791e+00 2.697054039415502036e+00
-3.062194673994018679e+00 -2.278116645662344730e+00 2.402587372354680451e+00 2.981723947301682109e+00
-3.359890507289817752e+00 -2.575841930746527453e+00 2.676049441642410542e+00 3.303682996393934701e+00
-3.683640041571307311e+00 -2.894978289259515503e+00 2.973254493089217299e+00 3.649363837741605554e+00
-4.023794147767227436e+00 -3.226042799104221093e+00 3.284845656220266807e+00 4.008991290651182204e+00
-4.373062701035956401e+00 -3.562245735588994489e+00 3.603844503410484457e+00 4.375463933214466472e+00
-4.725868973101372106e+00 -3.898638245680731806e+00 3.925022164155433924e+00 4.743485054626670028e+00
-5.077851060143270701e+00 -4.231505181533737669e+00 4.244385401196438146e+00 5.108970840480570708e+00
-5.270612606494506025e+00 -4.387903147449798702e+00 4.407943120796422143e+00 5.294572633147882179e+00
-4.918331393531576445e+00 -4.053345531132354296e+00 4.088317583198049832e+00 4.927359341465882281e+00
-4.566308177502210519e+00 -3.716217703164012676e+00 3.768005941897133670e+00 4.558519938769089563e+00
-4.219159832019793832e+00 -3.380532914043623549e+00 3.451285501673767353e+00 4.192407244389650067e+00
-3.882718339292602128e+00 -3.051576491168418670e+00 3.143675284847551321e+00 3.834619545613469072e+00
-3.564466765408716320e+00 -2.736462066010029837e+00 2.852377623806719775e+00 3.492551207612025976e+00
-3.274048721468283851e+00 -2.444847762680946612e+00 2.586747869174104597e+00 3.176148614975126350e+00
-3.023670393195906136e+00 -2.189645246188224093e+00 2.358535556859591154e+00 2.898780082524538670e+00
-2.827907111659008876e+00 -1.987142580099524602e+00 2.181319267609633350e+00 2.677730424148899946e+00
-2.702065851404873875e+00 -1.855342516813277109e+00 2.068431319450901196e+00 2.532977048767249606e+00
-2.658503107616711603e+00 -1.809383614431684162e+00 2.029629124560044851e+00 2.482257597488350509e+00
-2.702065851404873875e+00 -1.855342516813277109e+00 2.068431319450901196e+00 2.532977048767249606e+00
-2.827907111659008876e+00 -1.987142580099524602e+00 2.181319267609633350e+00 2.677730424148899946e+00
-3.023670393195906136e+00 -2.189645246188224093e+00 2.358535556859591154e+00 2.898780082524538670e+00
-3.274048721468283851e+00 -2.444847762680946612e+00 2.586747869174104597e+00 3.176148614975126350e+00
-3.564466765408716320e+00 -2.736462066010029837e+00 2.852377623806719775e+00 3.492551207612025976e+00
-3.882718339292602128e+00 -3.051576491168418670e+00 3.143675284847551321e+00 3.834619545613469072e+00
-4.219159832019793832e+00 -3.380532914043623549e+00 3.451285501673767353e+00 4.192407244389650067e+00
-4.566308177502210519e+00 -3.716217703164012676e+00 3.768005941897133670e+00 4.558519938769089563e+00
-4.918331393531576445e+00 -4.053345531132354296e+00 4.088317583198049832e+00 4.927359341465882281e+00
-5.270612606494506025e+00 -4.387903147449798702e+00 4.407943120796422143e+00 5.294572633147882179e+00
-5.447499139481049468e+00 -4.531434879373175129e+00 4.558413966036691356e+00 5.464520052817533724e+00
-5.095217970428701726e+00 -4.195628989135181008e+00 4.238839275118787775e+00 5.096007684445094554e+00
-4.744129249567821560e+00 -3.858101790335696890e+00 3.919562733918697361e+00 4.726668305984820684e+00
-4.399044633968471452e+00 -3.523106558378524156e+00 3.605081530038264592e+00 4.361069662308731054e+00
-4.065974526149597423e+00 -3.196183442220860371e+00 3.301120540254108615e+00 4.005037428116349218e+00
-3.752505955530355486e+00 -2.884662875622765021e+00 3.015005824312438243e+00 3.666163006840682748e+00
-3.468200004752838961e+00 -2.598261874170718855e+00 2.756002185708428698e+00 3.354459693215130045e+00
-3.224815966325209615e+00 -2.349573520242143054e+00 2.535349231559340666e+00 3.083040255008013375e+00
-3.035928621580481934e+00 -2.153906624869104558e+00 2.365500200456570834e+00 2.868335045993016585e+00
-2.915299717703631277e+00 -2.027532001896620084e+00 2.258121867225858281e+00 2.728709852374392675e+00
-2.873705932774370808e+00 -1.983673186377025832e+00 2.221377039053056723e+00 2.680002080098339956e+00
-2.915299717703631277e+00 -2.027532001896620084e+00 2.258121867225858281e+00 2.728709852374392675e+00
-3.035928621580481934e+00 -2.153906624869104558e+00 2.365500200456570834e+00 2.868335045993016585e+00
-3.224815966325209615e+00 -2.349573520242143054e+00 2.535349231559340666e+00 3.083040255008013375e+00
-3.468200004752838961e+00 -2.598261874170718855e+00 2.756002185708428698e+00 3.354459693215130045e+00
-3.752505955530355486e+00 -2.884662875622765021e+00 3.015005824312438243e+00 3.666163006840682748e+00
-4.065974526149597423e+00 -3.196183442220860371e+00 3.301120540254108615e+00 4.005037428116349218e+00
-4.399044633968471452e+00 -3.523106558378524156e+00 3.605081530038264592e+00 4.361069662308731054e+00
-4.744129249567821560e+00 -3.858101790335696890e+00 3.919562733918697361e+00 4.726668305984820684e+00
-5.095217970428701726e+00 -4.195628989135181008e+00 4.238839275118787775e+00 5.096007684445094554e+00
-5.447499139481049468e+00 -4.531434879373175129e+00 4.558413966036691356e+00 5.464520052817533724e+00
-5.606586516230962935e+00 -4.660551627334520219e+00 4.694020671698186931e+00 5.617117471867295819e+00
-5.254480561676410311e+00 -4.323825055064592249e+00 4.374680370541589980e+00 5.247625246199412175e+00
-4.904359531706488085e+00 -3.986114460542647731e+00 4.056480157198543601e+00 4.877993835050593141e+00
-4.561182285213511989e+00 -3.651863652144011763e+00 3.744085307307136290e+00 4.512960630050386612e+00
-4.231081908457364094e+00 -3.326803387480961494e+00 3.443364262046817448e+00 4.158521033891506846e+00
-3.921693104006620967e+00 -3.018405520722968749e+00 3.161702300963292522e+00 3.822396323766296344e+00
-3.642460626898194498e+00 -2.736379192035777397e+00 2.908233476293001551e+00 3.514606342640970382e+00
-3.404736023498178277e+00 -2.492995605706391338e+00 2.693730041877339332e+00 3.248001587327229878e+00
-3.221281485942124156e+00 -2.302744780405406200e+00 2.529729294512532256e+00 3.038296971834997251e+00
-3.104691149386925808e+00 -2.180572528919467512e+00 2.426639305581272499e+00 2.902624372725120860e+00
-3.064605688886484547e+00 -2.138318934684986683e+00 2.391478152510553734e+00 2.855446471060917535e+00
-3.104691149386925808e+00 -2.180572528919467512e+00 2.426639305581272499e+00 2.902624372725120860e+00
-3.221281485942124156e+00 -2.302744780405406200e+00 2.529729294512532256e+00 3.038296971834997251e+00
-3.404736023498178277e+00 -2.492995605706391338e+00 2.693730041877339332e+00 3.248001587327229878e+00
-3.642460626898194498e+00 -2.736379192035777397e+00 2.908233476293001551e+00 3.514606342640970382e+00
-3.921693104006620967e+00 -3.018405520722968749e+00 3.161702300963292522e+00 3.822396323766296344e+00
-4.231081908457364094e+00 -3.326803387480961494e+00 3.443364262046817448e+00 4.158521033891506846e+00
-4.561182285213511989e+00 -3.651863652144011763e+00 3.744085307307136290e+00 4.512960630050386612e+00
-4.904359531706488085e+00 -3.986114460542647731e+00 4.056480157198543601e+00 4.877993835050593141e+00
-5.254480561676410311e+00 -4.323825055064592249e+00 4.374680370541589980e+00 5.247625246199412175e+00
-5.606586516230962935e+00 -4.660551627334520219e+00 4.694020671698186931e+00 5.617117471867295819e+00
