0.000000000000000000e+00 nan
5.000000000000000278e-02 6.525699034645511265e-01
1.000000000000000056e-01 8.684401787324471655e-01
1.500000000000000222e-01 7.975478287240149733e-01
2.000000000000000111e-01 7.884212035057932555e-01
2.500000000000000000e-01 3.762085871357757627e-01
3.000000000000000444e-01 3.599435657636656516e-01
3.500000000000000333e-01 3.235196416241853390e-01
4.000000000000000222e-01 3.626606919510003135e-01
4.500000000000000111e-01 5.469537250422296104e-01
5.000000000000000000e-01 7.044621738569255553e-01
5.500000000000000444e-01 8.586369945085043920e-01
6.000000000000000888e-01 7.924958815659288724e-01
6.500000000000000222e-01 8.589032572038011182e-01
7.000000000000000666e-01 9.162145111212556259e-01
7.500000000000000000e-01 8.270945305133962089e-01
8.000000000000000444e-01 9.013912281955565042e-01
8.500000000000000888e-01 9.254828555042167171e-01
9.000000000000000222e-01 8.386907944534665038e-01
9.500000000000000666e-01 8.514921972489869484e-01
1.000000000000000000e+00 8.891138929745348030e-01
1.050000000000000044e+00 8.405741979514795847e-01
1.100000000000000089e+00 7.429160256244481397e-01
1.150000000000000133e+00 7.373374007789862405e-01
1.200000000000000178e+00 7.550419785182175270e-01
1.250000000000000000e+00 8.160278125021960260e-01
1.300000000000000044e+00 7.506400564342233794e-01
1.350000000000000089e+00 7.241930117117595378e-01
1.400000000000000133e+00 7.126241847158565346e-01
1.450000000000000178e+00 7.526074436321975591e-01
