2.000000000000000042e-02 3.260741938766931192e+00
4.000000000000000083e-02 2.517963784284160234e+00
5.999999999999999778e-02 2.298760382480035780e+00
8.000000000000000167e-02 2.197515397405076509e+00
1.000000000000000056e-01 2.139791926320185667e+00
1.200000000000000094e-01 2.102314504387947203e+00
1.399999999999999856e-01 2.075523255063755457e+00
1.600000000000000033e-01 2.054640420055406480e+00
1.799999999999999933e-01 2.036883844994339832e+00
1.999999999999999833e-01 2.020356452923476542e+00
2.200000000000000011e-01 2.003376890670219179e+00
2.399999999999999911e-01 1.983821847484891654e+00
2.600000000000000089e-01 1.957742587465588269e+00
2.800000000000000266e-01 1.912832180521936598e+00
3.000000000000000444e-01 1.772090505573458818e+00
3.200000000000000067e-01 1.590557819540892481e+00
3.400000000000000244e-01 1.480383893060575939e+00
3.600000000000000422e-01 1.320407676487797000e+00
3.800000000000000044e-01 1.129459769499416844e+00
4.000000000000000222e-01 1.175053374532204264e+00
4.200000000000000400e-01 1.997859767556675159e+00
4.400000000000000022e-01 4.004574738191660543e+00
4.600000000000000200e-01 2.799385938029056664e+00
4.800000000000000377e-01 2.139932657609652455e+00
5.000000000000000000e-01 1.819674716830985917e+00
5.200000000000000178e-01 1.772520989300568228e+00
5.400000000000000355e-01 1.800714857881112518e+00
5.600000000000000533e-01 1.816502848867715292e+00
5.800000000000000711e-01 1.830179082415929859e+00
5.999999999999999778e-01 1.859999703127737547e+00
6.199999999999999956e-01 1.890676765376024582e+00
6.400000000000000133e-01 1.918972459501985472e+00
6.600000000000000311e-01 1.954795865222727524e+00
6.800000000000000488e-01 2.006672904910837385e+00
7.000000000000000666e-01 2.043408309973634651e+00
7.200000000000000844e-01 2.058885618889064961e+00
7.399999999999999911e-01 2.117481769213563236e+00
7.600000000000000089e-01 2.120791190141359639e+00
7.800000000000000266e-01 2.108123840252455583e+00
8.000000000000000444e-01 2.080866750418898459e+00
8.200000000000000622e-01 2.080677175885300656e+00
8.400000000000000799e-01 2.078180973316534175e+00
8.599999999999999867e-01 2.087349563607763692e+00
8.800000000000000044e-01 2.106267843858739663e+00
9.000000000000000222e-01 2.109291815859555275e+00
9.200000000000000400e-01 2.086403151324524252e+00
9.400000000000000577e-01 2.075348175376278359e+00
9.600000000000000755e-01 2.059214033264318733e+00
9.799999999999999822e-01 2.025857869666199296e+00
1.000000000000000000e+00 2.000576639899577902e+00
1.020000000000000018e+00 1.998020249105884716e+00
1.040000000000000036e+00 1.971372236817386714e+00
1.060000000000000053e+00 1.978170397912063061e+00
1.080000000000000071e+00 2.003433153925014754e+00
1.100000000000000089e+00 2.022651616742605185e+00
1.120000000000000107e+00 2.028786789285857761e+00
1.140000000000000124e+00 2.033005895803703389e+00
1.160000000000000142e+00 2.032927085940833045e+00
1.179999999999999938e+00 2.023018112338812902e+00
