2.000000000000000042e-02 3.141444931184013356e+00
4.000000000000000083e-02 2.454936069894499973e+00
5.999999999999999778e-02 2.251705980148171360e+00
8.000000000000000167e-02 2.155621124439758951e+00
1.000000000000000056e-01 2.097325941014694273e+00
1.200000000000000094e-01 2.054119763579795421e+00
1.399999999999999856e-01 2.014837103960589904e+00
1.600000000000000033e-01 1.969816472405406360e+00
1.799999999999999933e-01 1.899448504708734609e+00
1.999999999999999833e-01 1.704209812378739697e+00
2.200000000000000011e-01 1.453148880759835837e+00
2.399999999999999911e-01 1.208085637732703388e+00
2.600000000000000089e-01 1.097431823059667133e+00
2.800000000000000266e-01 1.423049245833670540e+00
3.000000000000000444e-01 3.687622756498974752e+00
3.200000000000000067e-01 3.298653357484871318e+00
3.400000000000000244e-01 2.375913309047146704e+00
3.600000000000000422e-01 1.921417087529341039e+00
3.800000000000000044e-01 1.767265107506674093e+00
4.000000000000000222e-01 1.787169307125725526e+00
4.200000000000000400e-01 1.819327156772321707e+00
4.400000000000000022e-01 1.875268682130254883e+00
4.600000000000000200e-01 1.936922482772244214e+00
4.800000000000000377e-01 1.987467967690732307e+00
5.000000000000000000e-01 2.034589566958267870e+00
5.200000000000000178e-01 2.114002149060324243e+00
5.400000000000000355e-01 2.112871393495959094e+00
5.600000000000000533e-01 2.054656190044908737e+00
5.800000000000000711e-01 2.005292805730853445e+00
5.999999999999999778e-01 2.015352473226379448e+00
6.199999999999999956e-01 2.032933199294515880e+00
6.400000000000000133e-01 2.058706372942177065e+00
6.600000000000000311e-01 2.041684926969451475e+00
6.800000000000000488e-01 2.010487215990235832e+00
7.000000000000000666e-01 1.964618271897935919e+00
7.200000000000000844e-01 1.939116958069830199e+00
7.399999999999999911e-01 1.932391097600677288e+00
7.600000000000000089e-01 1.969254790884711559e+00
7.800000000000000266e-01 2.005735790494939774e+00
8.000000000000000444e-01 2.028966722712968629e+00
8.200000000000000622e-01 2.049674500385826104e+00
8.400000000000000799e-01 2.032199944467891761e+00
8.599999999999999867e-01 1.927706134345857025e+00
8.800000000000000044e-01 1.846945521056502670e+00
9.000000000000000222e-01 1.802873842211028421e+00
9.200000000000000400e-01 1.799961200538402917e+00
9.400000000000000577e-01 1.810777291857185389e+00
9.600000000000000755e-01 1.841263056374972118e+00
9.799999999999999822e-01 1.894833920646357805e+00
1.000000000000000000e+00 1.941005376884103351e+00
1.020000000000000018e+00 1.981397840755522832e+00
1.040000000000000036e+00 2.011789755609944663e+00
1.060000000000000053e+00 2.022708050716442774e+00
1.080000000000000071e+00 2.011577893921310700e+00
1.100000000000000089e+00 2.000435900215723262e+00
1.120000000000000107e+00 2.013582760032883279e+00
1.140000000000000124e+00 2.044964843085650408e+00
1.160000000000000142e+00 2.054557318776661479e+00
1.179999999999999938e+00 2.061258859232649066e+00
