2.000000000000000042e-02 2.886085029038501837e+00
4.000000000000000083e-02 1.918419569104182099e+00
5.999999999999999778e-02 1.582250407575049644e+00
8.000000000000000167e-02 2.535567575940810503e+00
1.000000000000000056e-01 2.934745681341525358e+00
1.200000000000000094e-01 2.232824306204884479e+00
1.399999999999999856e-01 2.020576777202948371e+00
1.600000000000000033e-01 1.736651207104848327e+00
1.799999999999999933e-01 1.860989001275123123e+00
1.999999999999999833e-01 2.187265023237039419e+00
2.200000000000000011e-01 2.298213317988924143e+00
2.399999999999999911e-01 2.039869936016114771e+00
2.600000000000000089e-01 1.930610125734764093e+00
2.800000000000000266e-01 2.020149683132935525e+00
3.000000000000000444e-01 1.961201504936008311e+00
3.200000000000000067e-01 1.894841766448455811e+00
3.400000000000000244e-01 1.841020746288011045e+00
3.600000000000000422e-01 1.829177096364384303e+00
3.800000000000000044e-01 1.886220414088282782e+00
4.000000000000000222e-01 1.971952890602683306e+00
4.200000000000000400e-01 2.025984426873012278e+00
4.400000000000000022e-01 2.014818413178394607e+00
4.600000000000000200e-01 1.971593163899919787e+00
4.800000000000000377e-01 1.948004501349360540e+00
5.000000000000000000e-01 1.929022392473931369e+00
5.200000000000000178e-01 1.913263034703430066e+00
5.400000000000000355e-01 1.905819346172977991e+00
5.600000000000000533e-01 1.933684572218527853e+00
5.800000000000000711e-01 1.995251918580435158e+00
