7.034579329804073466e-02
-4.490576576521472518e-02
2.943117952265624782e-01
1.902009926028111197e-01
1.895712221657012420e-01
-2.752754642194499279e-01
-2.129726726516016910e-01
-2.216574591403637495e-01
5.707727003449621916e-01
5.771234212169161770e-01
5.778611159817524934e-01
5.575646237442758446e-01
5.575331307970504691e-01
-4.989572049810672705e-01
-5.696653629019282628e-01
-5.932558182793588042e-01
-5.869390410140806758e-01
-5.891958148140871154e-01
9.736544630216791285e-01
9.323851844880843842e-01
9.324069699109398535e-01
9.436865662725905102e-01
9.438606795470473321e-01
9.467067450660781036e-01
9.468669594072453011e-01
-8.685395478754780463e-01
-9.399303576676634187e-01
-9.516310472798552578e-01
-9.687806073983306066e-01
-9.657344270422950627e-01
-9.610991574043347141e-01
-9.633544159644021887e-01
-1.244160573014688520e+00
-1.315490414243918105e+00
-1.321796872367990927e+00
-1.324994039499429288e+00
-1.345307415308037768e+00
-1.343464639174896336e+00
-1.337409828026158376e+00
-1.341249827245298842e+00
-1.339553236379253054e+00
-1.621215047501579187e+00
-1.692454803799222418e+00
-1.696775978965991749e+00
-1.698851209971128595e+00
-1.701302533296708885e+00
-1.714574661234337105e+00
-1.722601788988428195e+00
-1.721380884154450008e+00
-1.716641115448677590e+00
-1.717899624314921381e+00
-1.719652054413677522e+00
-1.998831279955566531e+00
-2.069994562435142793e+00
-2.073318977486489079e+00
-2.074715731653713036e+00
-2.076658031161363382e+00
-2.078507460233090853e+00
-2.092162889437943374e+00
-2.100261469580790852e+00
-2.099398802253151786e+00
-2.098087038602598930e+00
-2.096564561108022584e+00
-2.094174347703922301e+00
-2.095139325971485889e+00
-2.376725498816532056e+00
-3.304298945239533936e+00
-3.132928737989119305e+00
-2.754777601593854097e+00
-2.447827068916307081e+00
-2.450564429914369846e+00
-2.451554571563977714e+00
-2.453026622346026198e+00
-2.456126922987123429e+00
-2.454703739140552177e+00
-2.469993281681473363e+00
-2.478133533956354828e+00
-2.477493387315206075e+00
-2.476485550900430432e+00
-2.471964163415222959e+00
-2.475228734401487163e+00
-2.472724405252574531e+00
-2.473903020245477258e+00
-3.204390017607444907e+00
-3.206033137145857470e+00
-3.206607040213283355e+00
-3.207499789078906982e+00
-3.208634281549189282e+00
-3.209891276586187558e+00
-3.211979031757588476e+00
-3.211088310957777470e+00
-3.234227880426096213e+00
-3.233796762835893013e+00
-3.233097186327714034e+00
-3.232169838722116939e+00
-3.231093044466765818e+00
-3.229991553150263872e+00
-3.227614738731781951e+00
-3.229009298881356127e+00
-3.228251156469825744e+00
-2.825830918396825986e+00
-2.828184530955269782e+00
-2.828918224612493759e+00
-2.830047036745657607e+00
-2.831434605661115267e+00
-2.832856910630581648e+00
-2.833977948574654349e+00
-2.847976122349724637e+00
-2.849931996864183859e+00
-2.850545718258575612e+00
-2.856141819312559171e+00
-2.855650285474729433e+00
-2.851532267575014767e+00
-2.854861873202052980e+00
-2.852684132394262662e+00
-2.853838909471791307e+00
1.346102809625217223e+00
1.346103841437078286e+00
1.309038908152591274e+00
1.309028507896260907e+00
1.322008407327864621e+00
1.322053568485798580e+00
1.319838025710329710e+00
1.319749054224589546e+00
1.319799377477065105e+00
1.686385708815178797e+00
1.686390936292845533e+00
1.721935298075502718e+00
1.721926218228840177e+00
1.721926629288474286e+00
1.698847141664524774e+00
1.698833446041375206e+00
1.696791829602321222e+00
1.696808463786819932e+00
1.696846297952993687e+00
1.696845870991163352e+00
2.064101024694941611e+00
2.064103836116586876e+00
2.098866585806346219e+00
2.098866790526600301e+00
2.098875857878217843e+00
2.098876086109131567e+00
2.076287049082656821e+00
2.076291028247775117e+00
2.074307487597955468e+00
2.074313550048827448e+00
2.074351089590083852e+00
2.074350675862637328e+00
2.074350880899709981e+00
2.442023511953526516e+00
2.442021914339353117e+00
2.454061605379403321e+00
2.454062270726968364e+00
2.476328478277710854e+00
2.476328596004059079e+00
2.476338263506815629e+00
2.476338031508973803e+00
2.476338147691129699e+00
2.820083768048372796e+00
2.820084674457684404e+00
2.452090679575319232e+00
2.452092994814749183e+00
2.452130375741669699e+00
2.452130275545859384e+00
2.452130057584273271e+00
2.452130154001016304e+00
2.832021890753412929e+00
2.832022424349172951e+00
3.217535437647010887e+00
3.217535028068330138e+00
2.854078634302180451e+00
2.854078724531642575e+00
2.854088634845131534e+00
2.854088446897052211e+00
2.854088576748069706e+00
2.854088504960892614e+00
2.830040162962355943e+00
2.830041014746929484e+00
3.210136692910344536e+00
3.210135880979828382e+00
2.830078070670119406e+00
2.830078118288132938e+00
2.830078303625324754e+00
2.830078184885483239e+00
2.830078252840781072e+00
3.208112997423171908e+00
3.208112780635882455e+00
3.232005626766821127e+00
3.232005677501142760e+00
3.232015773062073993e+00
3.232015629132015455e+00
3.232015659348565162e+00
3.232015742448017370e+00
3.232015701108662320e+00
3.208137539897432333e+00
3.208137360361135393e+00
3.208137399965639958e+00
3.208137410391966871e+00
3.208137487271049082e+00
3.208137500313407386e+00
