1.000000000000000056e-01 0.000000000000000000e+00
2.000000000000000111e-01 0.000000000000000000e+00
3.000000000000000444e-01 0.000000000000000000e+00
4.000000000000000222e-01 0.000000000000000000e+00
5.000000000000000000e-01 0.000000000000000000e+00
5.999999999999999778e-01 0.000000000000000000e+00
7.000000000000000666e-01 0.000000000000000000e+00
8.000000000000000444e-01 0.000000000000000000e+00
9.000000000000000222e-01 0.000000000000000000e+00
1.000000000000000000e+00 0.000000000000000000e+00
1.100000000000000089e+00 0.000000000000000000e+00
1.200000000000000178e+00 0.000000000000000000e+00
1.300000000000000266e+00 0.000000000000000000e+00
1.400000000000000133e+00 0.000000000000000000e+00
1.500000000000000222e+00 7.760198979932966812e-02
1.600000000000000089e+00 6.767395151473695183e-04
1.700000000000000178e+00 3.455077356237482286e-10
1.800000000000000266e+00 9.833731266219454103e-04
1.900000000000000133e+00 1.658628434999537049e+01
2.000000000000000000e+00 5.585708062056311986e-05
2.100000000000000089e+00 5.416314435851778535e-07
2.200000000000000178e+00 3.251621584025535250e-01
2.300000000000000266e+00 6.295695334362373385e-01
2.400000000000000355e+00 6.889969915497375970e-07
2.500000000000000444e+00 9.533070376319933184e-06
2.600000000000000089e+00 1.005767157558305480e-01
2.700000000000000178e+00 1.652551161294167625e-02
2.800000000000000266e+00 3.847009665182540658e-10
2.900000000000000355e+00 5.474587794737968608e-06
3.000000000000000444e+00 1.804790591633622099e-01
3.100000000000000089e+00 9.285389477046341081e-05
3.200000000000000178e+00 6.367639617597920553e-09
3.300000000000000266e+00 1.311124017976929575e-05
3.400000000000000355e+00 5.277509294757091671e-03
3.500000000000000444e+00 1.809727545951671365e-03
3.600000000000000089e+00 9.187549987938957408e-05
3.700000000000000178e+00 1.123165182783824818e-06
3.800000000000000266e+00 5.286128606154769788e-03
3.900000000000000355e+00 8.898939306089419026e-04
