3.350260225706489514e+00 -4.231661334214576442e+01
2.563050257176541447e+00 -7.092992345451586189e+00
2.329596374071627896e+00 -1.962479668495200169e+00
2.221675676893311024e+00 -5.113851164625794476e-01
2.160802831406098967e+00 2.613879163561102711e-02
2.122303752526561560e+00 2.528233158732647867e-01
2.095933260449780011e+00 3.537786018090599560e-01
2.076594166568208610e+00 3.987150473540176931e-01
2.061460471636889835e+00 4.173969754428945023e-01
2.048912119076353289e+00 4.234019115283546575e-01
2.038036267568442472e+00 4.230952387058016795e-01
2.028299469426032342e+00 4.196040884326545650e-01
2.019283737868018402e+00 4.147671617091243101e-01
2.010490803157767736e+00 4.100611360604844435e-01
2.001232091066593277e+00 4.069449995733071535e-01
1.990547204436072803e+00 4.069999024711126179e-01
1.976941948892951162e+00 4.123418370203748573e-01
1.957227943503511813e+00 4.274233782808672943e-01
1.919398139003583026e+00 4.698215696553594833e-01
1.782152793545738412e+00 6.581394671928688656e-01
1.641048936132563529e+00 8.274613899072241763e-01
1.580856314230379533e+00 8.660129528916159503e-01
1.513263550353951548e+00 9.072939222253644242e-01
1.405282353389069705e+00 9.889935778875024175e-01
1.219933084840482795e+00 1.143670562934366863e+00
1.143895526888084158e+00 1.163028512575537965e+00
1.433779447434355481e+00 8.211530325826056353e-01
3.606153935383046072e+00 -1.191138338118581386e+00
3.210856700865261093e+00 -7.638244381447488740e-01
2.366861611361722240e+00 -2.891502282487150299e-02
1.927370738544096129e+00 3.135766742906266336e-01
1.770586993599896353e+00 4.160387184529389937e-01
1.784919716205283446e+00 3.947259933264370413e-01
1.809113961399819948e+00 3.700766977465586027e-01
1.833591305574457264e+00 3.485864175677966803e-01
1.829627325628170764e+00 3.442730207477945892e-01
1.841906512242913685e+00 3.333305840473153592e-01
1.862033863513276266e+00 3.213795660449901836e-01
1.883887547300876264e+00 3.116900985578371919e-01
1.906562718833347603e+00 3.048535027488770699e-01
1.925301916250954593e+00 3.023427072792849168e-01
1.945243345303462768e+00 3.027162851853585357e-01
1.968285673150979020e+00 3.061038491149256080e-01
1.996523560685730114e+00 3.130930478959306207e-01
2.031632695976197223e+00 3.248927279068016261e-01
2.062198024757440074e+00 3.435203429145176068e-01
2.076762322058456789e+00 3.689263933129820483e-01
2.096018463328400916e+00 4.020065016302526995e-01
2.123244932195982315e+00 4.464232378578986138e-01
2.130803280210205930e+00 5.010103968433667898e-01
2.096970732330795784e+00 5.604805566171717768e-01
2.115799960137142666e+00 6.624508827110335840e-01
2.137773020206620522e+00 8.201474669477850643e-01
2.136878668754626620e+00 1.084618300714525807e+00
2.128381231239246940e+00 1.865917683755428769e+00
