2.000000000000000042e-02 3.350260225706489514e+00
4.000000000000000083e-02 2.563050257176541447e+00
5.999999999999999778e-02 2.329596374071627896e+00
8.000000000000000167e-02 2.221675676893311024e+00
1.000000000000000056e-01 2.160802831406098967e+00
1.200000000000000094e-01 2.122303752526561560e+00
1.399999999999999856e-01 2.095933260449780011e+00
1.600000000000000033e-01 2.076594166568208610e+00
1.799999999999999933e-01 2.061460471636889835e+00
1.999999999999999833e-01 2.048912119076353289e+00
2.200000000000000011e-01 2.038036267568442472e+00
2.399999999999999911e-01 2.028299469426032342e+00
2.600000000000000089e-01 2.019283737868018402e+00
2.800000000000000266e-01 2.010490803157767736e+00
3.000000000000000444e-01 2.001232091066593277e+00
3.200000000000000067e-01 1.990547204436072803e+00
3.400000000000000244e-01 1.976941948892951162e+00
3.600000000000000422e-01 1.957227943503511813e+00
3.800000000000000044e-01 1.919398139003583026e+00
4.000000000000000222e-01 1.782152793545738412e+00
4.200000000000000400e-01 1.641048936132563529e+00
4.400000000000000022e-01 1.580856314230379533e+00
4.600000000000000200e-01 1.513263550353951548e+00
4.800000000000000377e-01 1.405282353389069705e+00
5.000000000000000000e-01 1.219933084840482795e+00
5.200000000000000178e-01 1.143895526888084158e+00
5.400000000000000355e-01 1.433779447434355481e+00
5.600000000000000533e-01 3.606153935383046072e+00
5.800000000000000711e-01 3.210856700865261093e+00
5.999999999999999778e-01 2.366861611361722240e+00
6.199999999999999956e-01 1.927370738544096129e+00
6.400000000000000133e-01 1.770586993599896353e+00
6.600000000000000311e-01 1.784919716205283446e+00
6.800000000000000488e-01 1.809113961399819948e+00
7.000000000000000666e-01 1.833591305574457264e+00
7.200000000000000844e-01 1.829627325628170764e+00
7.399999999999999911e-01 1.841906512242913685e+00
7.600000000000000089e-01 1.862033863513276266e+00
7.800000000000000266e-01 1.883887547300876264e+00
8.000000000000000444e-01 1.906562718833347603e+00
8.200000000000000622e-01 1.925301916250954593e+00
8.400000000000000799e-01 1.945243345303462768e+00
8.599999999999999867e-01 1.968285673150979020e+00
8.800000000000000044e-01 1.996523560685730114e+00
9.000000000000000222e-01 2.031632695976197223e+00
9.200000000000000400e-01 2.062198024757440074e+00
9.400000000000000577e-01 2.076762322058456789e+00
9.600000000000000755e-01 2.096018463328400916e+00
9.799999999999999822e-01 2.123244932195982315e+00
1.000000000000000000e+00 2.130803280210205930e+00
1.020000000000000018e+00 2.096970732330795784e+00
1.040000000000000036e+00 2.115799960137142666e+00
1.060000000000000053e+00 2.137773020206620522e+00
1.080000000000000071e+00 2.136878668754626620e+00
1.100000000000000089e+00 2.128381231239246940e+00
1.120000000000000107e+00 2.125113185117259551e+00
1.140000000000000124e+00 2.163450224674724254e+00
1.160000000000000142e+00 2.132737584763241934e+00
1.179999999999999938e+00 2.120445804809974799e+00
