2.000000000000000042e-02 2.942110862891991196e+00
4.000000000000000083e-02 2.328270909278596257e+00
5.999999999999999778e-02 2.115108817450309875e+00
8.000000000000000167e-02 1.919068852328494224e+00
1.000000000000000056e-01 1.493571576411063528e+00
1.200000000000000094e-01 1.192019242055128991e+00
1.399999999999999856e-01 1.382999485304260201e+00
1.600000000000000033e-01 3.133813059695249592e+00
1.799999999999999933e-01 3.182658964524152090e+00
1.999999999999999833e-01 2.391583972439761396e+00
2.200000000000000011e-01 2.016941318542655459e+00
2.399999999999999911e-01 1.833757440457920884e+00
2.600000000000000089e-01 1.790672397338698207e+00
2.800000000000000266e-01 1.909137008294046201e+00
3.000000000000000444e-01 2.005922577905080662e+00
3.200000000000000067e-01 2.094378387828283117e+00
3.400000000000000244e-01 2.078766652563638573e+00
3.600000000000000422e-01 1.979452262268799112e+00
3.800000000000000044e-01 1.947724595304877404e+00
4.000000000000000222e-01 1.928260600508502121e+00
4.200000000000000400e-01 1.887857940583168137e+00
4.400000000000000022e-01 1.889728695995821939e+00
4.600000000000000200e-01 1.940443797167717088e+00
4.800000000000000377e-01 1.982076772469533843e+00
5.000000000000000000e-01 1.955910277767542116e+00
5.200000000000000178e-01 1.899197094541294373e+00
5.400000000000000355e-01 1.871163802750809957e+00
5.600000000000000533e-01 1.871101252498797329e+00
5.800000000000000711e-01 1.913030131979009507e+00
5.999999999999999778e-01 1.987201183906324164e+00
6.199999999999999956e-01 2.031792935333324390e+00
6.400000000000000133e-01 2.036334876288475204e+00
6.600000000000000311e-01 1.986021767826368523e+00
6.800000000000000488e-01 1.924679167348011255e+00
7.000000000000000666e-01 1.894068568131640484e+00
7.200000000000000844e-01 1.894971641309882493e+00
7.399999999999999911e-01 1.913275587208776107e+00
7.600000000000000089e-01 1.909705979770908613e+00
7.800000000000000266e-01 1.870747771559323036e+00
8.000000000000000444e-01 1.819065213917223867e+00
8.200000000000000622e-01 1.764651475317510210e+00
8.400000000000000799e-01 1.727531185330659635e+00
8.599999999999999867e-01 1.717975951669192147e+00
8.800000000000000044e-01 1.718623370327190258e+00
9.000000000000000222e-01 1.711168474199130207e+00
9.200000000000000400e-01 1.690636015598511177e+00
9.400000000000000577e-01 1.646040738149920246e+00
9.600000000000000755e-01 1.599845435408236316e+00
9.799999999999999822e-01 1.566873970538168015e+00
1.000000000000000000e+00 1.586217801845845043e+00
1.020000000000000018e+00 1.601221947899182929e+00
1.040000000000000036e+00 1.588126530170893336e+00
1.060000000000000053e+00 1.552754109856240294e+00
1.080000000000000071e+00 1.500549057217884341e+00
1.100000000000000089e+00 1.440314354254543350e+00
1.120000000000000107e+00 1.393025900425873376e+00
1.140000000000000124e+00 1.365519941866753184e+00
1.160000000000000142e+00 1.355160031473672033e+00
1.179999999999999938e+00 1.341803431840130401e+00
