2.000000000000000042e-02 3.307200944113749319e+00
4.000000000000000083e-02 2.541575711088534639e+00
5.999999999999999778e-02 2.315635487120692115e+00
8.000000000000000167e-02 2.210661600731297582e+00
1.000000000000000056e-01 2.152008046878330472e+00
1.200000000000000094e-01 2.113840524114527053e+00
1.399999999999999856e-01 2.087422261984419602e+00
1.600000000000000033e-01 2.067662128010909761e+00
1.799999999999999933e-01 2.051622624963055141e+00
1.999999999999999833e-01 2.038360115528059069e+00
2.200000000000000011e-01 2.026015344978670196e+00
2.399999999999999911e-01 2.014301885601011755e+00
2.600000000000000089e-01 2.001819485967746282e+00
2.800000000000000266e-01 1.987642927315589336e+00
3.000000000000000444e-01 1.969300243551912022e+00
3.200000000000000067e-01 1.941129217506680771e+00
3.400000000000000244e-01 1.873383003741603048e+00
3.600000000000000422e-01 1.678970425767122965e+00
3.800000000000000044e-01 1.580588132017843206e+00
4.000000000000000222e-01 1.497102385377256040e+00
4.200000000000000400e-01 1.367431519634512593e+00
4.400000000000000022e-01 1.174547596129996263e+00
4.600000000000000200e-01 1.147078673534278170e+00
4.800000000000000377e-01 1.627464375504169114e+00
5.000000000000000000e-01 4.024169899822624963e+00
5.200000000000000178e-01 3.003867827670922086e+00
5.400000000000000355e-01 2.251956030508852180e+00
5.600000000000000533e-01 1.871374784228001520e+00
5.800000000000000711e-01 1.768755555399941670e+00
5.999999999999999778e-01 1.793057313161052768e+00
6.199999999999999956e-01 1.819430734300750530e+00
6.400000000000000133e-01 1.825077013948096960e+00
6.600000000000000311e-01 1.836603306263326019e+00
6.800000000000000488e-01 1.860332662232161871e+00
7.000000000000000666e-01 1.886684212886678091e+00
7.200000000000000844e-01 1.909989977646203041e+00
7.399999999999999911e-01 1.934399569511195516e+00
7.600000000000000089e-01 1.961513793770792935e+00
7.800000000000000266e-01 2.000265285682872207e+00
8.000000000000000444e-01 2.041766559383766833e+00
8.200000000000000622e-01 2.064097455236219236e+00
8.400000000000000799e-01 2.076469841710988362e+00
8.599999999999999867e-01 2.122081585120494385e+00
8.800000000000000044e-01 2.125196249472033116e+00
9.000000000000000222e-01 2.102341482372501513e+00
9.200000000000000400e-01 2.097799172659352340e+00
9.400000000000000577e-01 2.117322578564538205e+00
9.600000000000000755e-01 2.109138431349627751e+00
9.799999999999999822e-01 2.107570379867404142e+00
1.000000000000000000e+00 2.112189709742998467e+00
1.020000000000000018e+00 2.139868742999891715e+00
1.040000000000000036e+00 2.111474099145328243e+00
1.060000000000000053e+00 2.100677841267338142e+00
1.080000000000000071e+00 2.094909210987863535e+00
1.100000000000000089e+00 2.074902782320339423e+00
1.120000000000000107e+00 2.044121527311310693e+00
1.140000000000000124e+00 2.026973467407468199e+00
1.160000000000000142e+00 2.010264818326444214e+00
1.179999999999999938e+00 1.983850371810029989e+00
