2.000000000000000042e-02 3.058608008327074579e+00
4.000000000000000083e-02 2.407294685659068456e+00
5.999999999999999778e-02 2.210919163838198198e+00
8.000000000000000167e-02 2.110791975293445422e+00
1.000000000000000056e-01 2.036855183328651009e+00
1.200000000000000094e-01 1.955171534585694815e+00
1.399999999999999856e-01 1.795823622310273038e+00
1.600000000000000033e-01 1.452483020808176262e+00
1.799999999999999933e-01 1.163477709095406487e+00
1.999999999999999833e-01 1.153588858365176106e+00
2.200000000000000011e-01 1.914583619409361059e+00
2.399999999999999911e-01 3.940737200434973886e+00
2.600000000000000089e-01 2.830734227301410222e+00
2.800000000000000266e-01 2.159035606994724077e+00
3.000000000000000444e-01 1.840838193344667806e+00
3.200000000000000067e-01 1.784404069813128491e+00
3.400000000000000244e-01 1.842713662185204271e+00
3.600000000000000422e-01 1.903625854237194659e+00
3.800000000000000044e-01 1.924011590846327113e+00
4.000000000000000222e-01 2.068566966767233506e+00
4.200000000000000400e-01 2.082626825847047947e+00
4.400000000000000022e-01 2.063222598772274097e+00
4.600000000000000200e-01 2.013439687632304409e+00
4.800000000000000377e-01 1.982902440663837362e+00
5.000000000000000000e-01 2.001265087674600096e+00
5.200000000000000178e-01 2.001684728747542330e+00
5.400000000000000355e-01 1.982122302889046672e+00
5.600000000000000533e-01 1.927094880236466024e+00
5.800000000000000711e-01 1.898243977677609662e+00
5.999999999999999778e-01 1.913770527950990674e+00
6.199999999999999956e-01 1.965822439082689277e+00
6.400000000000000133e-01 2.046847410652759436e+00
6.600000000000000311e-01 2.046483261822312993e+00
6.800000000000000488e-01 1.962659472075237055e+00
7.000000000000000666e-01 1.877478043769020832e+00
7.200000000000000844e-01 1.841497349497488889e+00
7.399999999999999911e-01 1.839809160429612733e+00
7.600000000000000089e-01 1.850454711520323370e+00
7.800000000000000266e-01 1.904854118808194663e+00
8.000000000000000444e-01 1.967477304088408374e+00
8.200000000000000622e-01 2.014294223717685739e+00
8.400000000000000799e-01 2.034790990824334234e+00
8.599999999999999867e-01 2.028037067614638644e+00
8.800000000000000044e-01 1.994218652196208197e+00
9.000000000000000222e-01 1.970998734827027032e+00
9.200000000000000400e-01 1.964201203542139673e+00
9.400000000000000577e-01 1.987750083688184288e+00
9.600000000000000755e-01 1.997504039705079393e+00
9.799999999999999822e-01 1.994961108667637983e+00
1.000000000000000000e+00 1.983509311574687572e+00
1.020000000000000018e+00 1.966814510671743621e+00
1.040000000000000036e+00 1.933209312853521933e+00
1.060000000000000053e+00 1.866209734087242333e+00
1.080000000000000071e+00 1.802137193259083281e+00
1.100000000000000089e+00 1.749707060205572873e+00
1.120000000000000107e+00 1.712213639466894310e+00
1.140000000000000124e+00 1.696657876292478662e+00
1.160000000000000142e+00 1.690134881833970759e+00
1.179999999999999938e+00 1.685840188349301050e+00
