2.000000000000000042e-02 3.347911258103777765e+00
4.000000000000000083e-02 1.867264788980831369e+00
5.999999999999999778e-02 1.640745166124407239e+00
8.000000000000000167e-02 2.350256903852855572e+00
1.000000000000000056e-01 2.211327658970004606e+00
1.200000000000000094e-01 1.679231969452739115e+00
1.399999999999999856e-01 1.737730357056854968e+00
1.600000000000000033e-01 1.958025292583263965e+00
1.799999999999999933e-01 1.931533693812521157e+00
1.999999999999999833e-01 1.839043689081595767e+00
2.200000000000000011e-01 1.918888651381157828e+00
2.399999999999999911e-01 1.883564748940409039e+00
2.600000000000000089e-01 1.839834429796341819e+00
2.800000000000000266e-01 1.818354503538114786e+00
3.000000000000000444e-01 1.807954319559842205e+00
3.200000000000000067e-01 1.877969573824166183e+00
3.400000000000000244e-01 1.898413543023596217e+00
3.600000000000000422e-01 1.883433483656307139e+00
3.800000000000000044e-01 1.838127302877128111e+00
4.000000000000000222e-01 1.821240399670302379e+00
4.200000000000000400e-01 1.797487902664699044e+00
4.400000000000000022e-01 1.774937927986586450e+00
4.600000000000000200e-01 1.741563083114999966e+00
4.800000000000000377e-01 1.694683006285591764e+00
5.000000000000000000e-01 1.658085954417733543e+00
5.200000000000000178e-01 1.588334105375195149e+00
5.400000000000000355e-01 1.530318588708358796e+00
5.600000000000000533e-01 1.496455818986030861e+00
5.800000000000000711e-01 1.424289618294773740e+00
