2.000000000000000042e-02 3.206683252258792916e+00
4.000000000000000083e-02 2.489990626213802738e+00
5.999999999999999778e-02 2.278477609666619941e+00
8.000000000000000167e-02 2.180256038810131525e+00
1.000000000000000056e-01 2.123451357649569715e+00
1.200000000000000094e-01 2.085372726933862442e+00
1.399999999999999856e-01 2.056417520142486133e+00
1.600000000000000033e-01 2.031455860987533946e+00
1.799999999999999933e-01 2.006790951380283072e+00
1.999999999999999833e-01 1.978341764571090566e+00
2.200000000000000011e-01 1.938178010156127007e+00
2.399999999999999911e-01 1.854001326344507428e+00
2.600000000000000089e-01 1.624721029086873436e+00
2.800000000000000266e-01 1.466125055876086547e+00
3.000000000000000444e-01 1.266635970988352788e+00
3.200000000000000067e-01 1.099362127753652052e+00
3.400000000000000244e-01 1.247614910875934013e+00
3.600000000000000422e-01 2.714003601123165410e+00
3.800000000000000044e-01 3.709478342753036895e+00
4.000000000000000222e-01 2.594591949251236596e+00
4.200000000000000400e-01 2.029325506659401146e+00
4.400000000000000022e-01 1.780709119533636198e+00
4.600000000000000200e-01 1.779713717799788819e+00
4.800000000000000377e-01 1.802808126719651405e+00
5.000000000000000000e-01 1.823934803235052637e+00
5.200000000000000178e-01 1.860899703749406386e+00
5.400000000000000355e-01 1.899017214374147056e+00
5.600000000000000533e-01 1.950045984462830173e+00
5.800000000000000711e-01 2.004446752477595073e+00
5.999999999999999778e-01 2.034258144762430387e+00
6.199999999999999956e-01 2.098571537993993985e+00
6.400000000000000133e-01 2.119748983106442441e+00
6.600000000000000311e-01 2.113761362971740887e+00
6.800000000000000488e-01 2.075054836335544550e+00
7.000000000000000666e-01 2.032442441792612353e+00
7.200000000000000844e-01 2.048759147013565318e+00
7.399999999999999911e-01 2.063811750330658334e+00
7.600000000000000089e-01 2.100299569333638150e+00
7.800000000000000266e-01 2.079238924611117145e+00
8.000000000000000444e-01 2.056152843956106757e+00
8.200000000000000622e-01 2.035511259831653597e+00
8.400000000000000799e-01 1.999398655534042391e+00
8.599999999999999867e-01 1.974712160149097562e+00
8.800000000000000044e-01 1.957062406535458932e+00
9.000000000000000222e-01 1.974137826442332377e+00
9.200000000000000400e-01 1.990147259623601617e+00
9.400000000000000577e-01 2.017682048060115640e+00
9.600000000000000755e-01 2.034351837944206043e+00
9.799999999999999822e-01 2.036914084194942021e+00
1.000000000000000000e+00 2.033151342864239819e+00
1.020000000000000018e+00 2.000428685402568796e+00
1.040000000000000036e+00 1.898490006149039511e+00
1.060000000000000053e+00 1.824944261900461440e+00
1.080000000000000071e+00 1.778792150135361849e+00
1.100000000000000089e+00 1.768055288755016718e+00
1.120000000000000107e+00 1.778171356382431734e+00
1.140000000000000124e+00 1.798319491937045544e+00
1.160000000000000142e+00 1.839747796801369129e+00
1.179999999999999938e+00 1.880315018248578385e+00
